image: map_data.pgm
resolution: 0.050000
origin: [-27.897049, -10.435905, 0.000000]
negate: 0
occupied_thresh: 0.65
free_thresh: 0.196

